1.136016
0.441503
0.159211
0.13598
0.167813
0.130806
0.171358
0.164103
0.183606
0.140477
0.160506
0.127783
0.158248
0.13218
0.172399
0.135566
0.178289
0.141874
0.150477
0.134109
0.159001
0.133339
0.156652
0.128775
0.154179
0.128353
0.171991
0.129668
0.170618
0.126586
0.165147
0.122536
0.164271
0.130917
0.174397
0.131889
0.144244
0.126558
0.136837
0.161264
0.127527
0.168118
0.145049
0.159961
0.130746
0.157738
0.126021
0.165812
0.120921
0.170644
0.135832
0.17088
0.136498
0.168801
0.129024
0.170263
0.141338
0.17773
0.132796
0.161268
0.121346
0.17774
0.135678
0.15705
0.128319
0.16336
0.128906
0.155282
0.129725
0.162647
0.127899
0.160864
0.122675
0.170365
0.128423
0.159876
0.127192
0.170269
0.134191
0.17672
0.12802
0.174912
0.142193
0.168862
0.122024
0.173192
0.131869
0.167529
0.132782
0.177942
0.131154
0.168756
0.130532
0.162334
0.125882
0.168518
0.121983
0.164276
0.126032
0.160209
0.127942
0.163763
0.126198
0.156355
0.130398
0.144337
0.130056
0.139368
0.122713
0.140051
0.181891
0.1317
0.151159
0.129217
0.154772
0.126442
0.17128
0.130032
0.173645
0.132078
0.160972
0.12355
0.171143
0.141394
0.165118
0.129928
0.167378
0.125804
0.169119
0.127158
0.167871
0.133368
0.161095
0.128542
0.173972
0.127444
0.173454
0.127529
0.166347
0.123885
0.160198
0.128115
0.155884
0.13498
0.137658
0.128712
0.141905
0.128136
0.125797
0.184914
0.131826
0.167276
0.127099
0.158349
0.128543
0.158398
0.12366
0.171571
0.126758
0.160681
0.131197
0.164143
0.131826
0.172545
0.131736
0.173038
0.138405
0.173479
0.142305
0.194577
0.126674
0.139541
0.120755
0.160645
0.128406
0.16362
0.131992
0.150049
0.120075
0.160669
0.118441
0.176621
0.144097
0.140489
0.113619
0.165048
0.118845
0.168971
0.116639
0.142426
0.128913
0.167251
0.117569
0.164159
0.128754
0.179293
0.132088
0.146346
0.117711
0.159523
0.134635
0.163004
0.11183
0.133396
0.117449
0.118782
0.11418
0.134603
0.132326
0.135099
0.160909
0.129489
0.155147
0.116794
0.143124
0.133602
0.144172
0.119631
0.169712
0.117677
0.136555
0.166478
0.162855
0.160051
0.136772
0.16386
0.128373
0.158607
0.128137
0.165588
0.138015
0.182763
0.135893
0.178477
0.135178
0.16407
0.121503
0.164644
0.125313
0.166183
0.11906
0.162962
0.135205
0.163671
0.127443
0.155334
0.132994
0.641894
0.146683
0.141741
0.19129
0.13714
0.160819
0.127834
0.186398
0.16776
0.141338
0.125213
0.130484
0.12114
0.187324
0.136445
0.160183
0.129471
0.167482
0.126681
0.168274
0.131084
0.171991
0.129462
0.164761
0.12479
0.169506
0.140541
0.219059
0.127694
0.167416
0.129915
0.175761
0.12584
0.171574
0.12913
0.150319
0.129558
0.151907
0.126565
0.132627
0.142679
0.132127
0.127031
0.127299
0.1696
0.13438
0.158941
0.126477
0.16378
0.13491
0.164377
0.131293
0.146474
0.131217
0.138578
0.163651
0.128281
0.173028
0.130337
0.164862
0.1235
0.169168
0.128342
0.165086
0.121677
0.144099
0.130866
0.144839
0.129871
0.14613
0.135096
0.139726
0.158518
0.135633
0.176638
0.133423
0.178405
0.126547
0.159695
0.130875
0.173906
0.135892
0.174845
0.131911
0.159527
0.130538
0.170303
0.132958
0.163149
0.129479
0.160835
0.132363
0.14762
0.131665
0.162976
0.129217
0.12993
0.135931
0.128764
0.164123
0.134348
0.17319
0.132628
0.172581
0.126149
0.154013
0.12801
0.152248
0.119574
0.141262
0.137876
0.130365
0.13498
0.133872
0.178268
0.12754
0.173074
0.13067
0.16253
0.130308
0.163062
0.126932
0.178705
0.131483
0.169464
0.13329
0.164246
0.137023
0.161007
0.142385
0.174802
0.127911
0.154109
0.12941
0.167398
0.126965
0.166634
0.127744
0.163819
0.131316
0.153236
0.126465
0.141336
0.131568
0.134238
0.140693
0.145087
0.126045
0.13478
0.183262
0.134449
0.171086
0.12895
0.161255
0.129221
0.160476
0.125729
0.174418
0.129552
0.156658
0.130463
0.17324
0.134407
0.164736
0.13332
0.148786
0.131151
0.143236
0.122301
0.143865
0.1334
0.130527
0.177358
0.131525
0.154074
0.126129
0.154575
0.127738
0.171129
0.132502
0.152329
0.129363
0.177815
0.131386
0.163807
0.127681
0.174902
0.132749
0.163073
0.150922
0.159119
0.137756
0.152064
0.140724
0.152101
0.129068
0.149251
0.137034
0.149675
0.152685
0.172561
0.137437
0.151748
0.141956
0.17945
0.135279
0.174874
0.138095
0.168463
0.153548
0.159964
0.137704
0.173783
0.135988
0.167702
0.133207
0.151061
0.125901
0.163851
0.134237
0.166665
0.133247
0.146531
0.17838
0.134763
0.186975
0.137702
0.175397
0.124841
0.157232
0.139972
0.169643
0.131664
0.15883
0.136735
0.165108
0.136013
0.151323
0.139231
0.177454
0.122126
0.163929
0.130381
0.174952
0.132251
0.163544
0.130497
0.173743
0.124715
0.178719
0.128931
0.163572
0.124403
0.171452
0.123101
0.161618
0.128682
0.156384
0.128532
0.149921
0.128596
0.175401
0.124943
0.150878
0.125777
0.137108
0.129558
0.14293
0.134821
0.13192
0.177027
0.138344
0.181769
0.130107
