0.381819
0.320539
0.140158
0.201417
0.145405
0.168315
0.130639
0.169791
0.130308
0.159847
0.138073
0.156701
0.118991
0.163647
0.199689
0.240244
0.150685
0.177749
0.199803
0.243265
0.201094
0.234466
0.194478
0.241415
0.178335
0.23644
0.196605
0.217786
0.189288
0.233266
0.185701
0.21838
0.193756
0.194741
0.231985
0.13941
0.204412
0.139871
0.189987
0.129602
0.164766
0.130357
0.164569
0.131295
0.168027
0.133984
0.167482
0.133553
0.151459
0.19844
0.229359
0.202308
0.200354
0.230586
0.193887
0.241886
0.193884
0.220718
0.194777
0.2335
0.179767
0.24107
0.193889
0.192564
0.228687
0.189182
0.207554
0.200997
0.240964
0.193856
0.212402
0.224211
0.187753
0.235466
0.19108
0.217416
0.193422
0.243473
0.193589
0.215861
0.191686
0.240609
0.191702
0.218068
0.180761
0.23881
0.189765
0.214289
0.189601
0.190381
0.222666
0.192118
0.237045
0.200408
0.23866
0.204625
0.225613
0.205527
0.247057
0.197097
0.288523
0.211954
0.205738
0.202519
0.201373
0.214566
0.221743
0.239049
0.179544
0.235926
0.197735
0.245798
0.206206
0.200977
0.22416
0.196844
0.21925
0.197587
0.206183
0.242021
0.183055
0.246473
0.202373
0.228692
0.197777
0.194338
0.238004
0.197333
0.245256
0.189604
0.224229
0.200887
0.230269
0.189182
0.227897
0.211911
0.176369
0.134041
0.171478
0.130137
0.172459
0.20231
0.232285
0.193423
0.21562
0.195117
0.237838
0.194346
0.234758
0.193479
0.191777
0.237845
0.197127
0.219909
0.190408
0.243603
0.17655
0.204538
0.188864
0.21826
0.195625
0.236845
0.199447
0.197311
0.229482
0.194546
0.231938
0.190672
0.21852
0.194449
0.195626
0.222704
0.19056
0.191321
0.230047
0.189384
0.217492
0.198455
0.256912
0.198898
0.200966
0.191638
0.246131
0.196085
0.206444
0.225764
0.20692
0.236142
0.201004
0.193043
0.22776
0.199073
0.180911
0.234817
0.197087
0.241228
0.197666
0.239177
0.192858
0.217788
0.202264
0.200057
0.224365
0.199241
0.208896
0.197919
0.222639
0.193252
0.237714
0.195037
0.226245
0.1919
0.245444
0.187165
0.247214
0.142007
0.233779
0.191881
0.230772
0.187682
0.189548
0.22052
0.194295
0.190075
0.221277
0.185777
0.248218
0.191556
0.156232
0.141816
0.257487
0.192878
0.233304
0.187485
0.230842
0.196869
0.202528
0.224251
0.194191
0.207946
0.178851
0.215558
0.192364
0.21233
0.194318
0.195048
0.226975
0.190164
0.21193
0.198992
0.20249
0.236439
0.178315
0.234793
0.196474
0.232285
0.191056
0.186496
0.227831
0.196518
0.222488
0.201408
0.253195
0.203513
0.206164
0.195686
0.220344
0.197222
0.199421
0.238824
0.209516
0.266631
0.213674
0.201156
0.23247
0.20105
0.235082
0.196616
0.241213
0.198721
0.226298
0.197705
0.203195
0.231988
0.203919
0.251815
0.193426
0.228391
0.180354
0.238276
0.185117
0.222957
0.183071
0.186871
0.211752
0.183232
0.224386
0.182583
0.22688
0.182685
0.209036
0.195375
0.247453
0.199989
0.235079
0.197109
0.19081
0.226005
0.194313
0.193157
0.206978
0.239546
0.177424
0.21725
0.185037
0.238056
0.19899
0.222043
0.184318
0.235002
0.189691
0.222097
0.182922
0.231197
0.176616
0.188862
0.212678
0.186321
0.235532
0.183081
0.229624
0.184565
0.186571
0.229013
0.183839
0.239591
0.176864
0.214838
0.183618
0.190227
0.219457
0.202371
0.215227
0.191558
0.233342
0.189099
0.255855
0.195735
0.178952
0.228821
0.18842
0.207533
0.184968
0.200216
0.15553
0.138799
0.166378
0.13411
0.149945
0.132391
0.125288
0.182175
0.135984
0.164876
0.133159
0.161477
0.132923
0.159403
0.132697
0.176724
0.130776
0.227994
0.175775
0.218537
0.198778
0.198332
0.227618
0.149582
0.168388
0.13692
0.181048
0.202975
0.236169
0.20078
0.2161
0.192803
0.190918
0.231898
0.190455
0.239624
0.195472
0.225166
0.194896
0.232344
0.190882
0.239859
0.177606
0.227601
0.194783
0.19191
0.223769
0.191623
0.248181
0.14811
0.185315
