1 0.000124
0 0.009704
1 0.017503
0 0.03235
1 0.041925
0 0.054126
1 0.062815
0 0.077093
1 0.080793
0 0.092918
1 0.098081
0 0.108349
1 0.114412
0 0.12404
1 0.129948
0 0.142096
1 0.144985
0 0.155368
1 0.160042
0 0.16905
1 0.174518
0 0.18313
1 0.188519
0 0.199253
1 0.202033
0 0.211248
1 0.21509
0 0.223529
1 0.228117
0 0.234968
1 0.239817
0 0.249215
1 0.251568
0 0.260089
1 0.263608
0 0.270605
1 0.274952
0 0.281816
1 0.286273
0 0.294388
1 0.296532
0 0.304467
1 0.307546
0 0.314138
1 0.318277
0 0.324545
1 0.328464
0 0.336572
1 0.33857
1 0.345481
0 0.346146
1 0.349225
0 0.355498
1 0.359445
1 0.3651
0 0.365558
1 0.369423
0 0.377335
1 0.37938
0 0.386735
1 0.389568
0 0.395842
1 0.399765
0 0.405803
1 0.409581
0 0.417181
1 0.419139
1 0.426333
0 0.426414
1 0.429187
0 0.435231
1 0.439107
0 0.445037
1 0.448765
0 0.45594
1 0.457896
0 0.464858
1 0.467648
0 0.473287
1 0.476855
0 0.482208
1 0.485911
0 0.492592
1 0.494403
0 0.500833
1 0.50373
0 0.509236
1 0.512535
0 0.517588
1 0.521172
0 0.528147
1 0.529765
0 0.535871
1 0.538601
0 0.544049
1 0.547333
0 0.552139
1 0.555491
0 0.562266
1 0.564035
0 0.570152
1 0.572529
0 0.577697
1 0.580881
0 0.585912
1 0.589136
0 0.595446
1 0.597158
0 0.603021
1 0.605537
0 0.610566
1 0.613602
0 0.618317
1 0.621591
0 0.628185
1 0.629787
0 0.635448
1 0.637727
0 0.642838
1 0.645992
0 0.650566
1 0.653573
0 0.659804
1 0.66129
0 0.667063
1 0.669354
0 0.674
1 0.676952
0 0.681441
1 0.684568
0 0.690591
1 0.692191
0 0.697557
1 0.699772
0 0.704646
1 0.707617
0 0.711949
1 0.714853
0 0.720678
1 0.722353
0 0.727932
1 0.730002
0 0.734547
1 0.737345
0 0.741686
1 0.744699
0 0.750558
1 0.752016
0 0.757221
1 0.759529
0 0.764239
1 0.767071
0 0.771259
1 0.774147
0 0.779857
1 0.781298
0 0.786895
1 0.789105
0 0.793553
1 0.796345
0 0.800544
1 0.803514
1 0.808334
0 0.809454
1 0.810854
0 0.816
1 0.818237
0 0.82296
1 0.825846
0 0.830157
1 0.83292
0 0.838609
1 0.840103
0 0.845395
1 0.847741
0 0.85233
1 0.855083
0 0.859224
1 0.862072
0 0.867935
1 0.869402
0 0.874464
1 0.876629
0 0.881352
1 0.88418
0 0.888553
1 0.891431
0 0.896874
1 0.898335
0 0.903605
1 0.905799
0 0.910601
1 0.9132
0 0.91734
1 0.920173
0 0.925712
1 0.927136
0 0.932197
1 0.934254
0 0.938617
1 0.941369
0 0.945664
1 0.948459
0 0.953942
1 0.955182
0 0.960158
1 0.962303
0 0.966857
1 0.969627
0 0.973758
1 0.976425
0 0.981872
1 0.983398
0 0.988362
1 0.990507
0 0.994772
1 0.997421
0 1.001453
1 1.004283
0 1.009934
1 1.011383
0 1.016289
1 1.018229
0 1.022577
1 1.025365
0 1.029532
1 1.032281
0 1.037727
1 1.03902
0 1.044102
1 1.046182
0 1.050645
1 1.053203
0 1.057118
1 1.059841
0 1.065207
1 1.066686
0 1.071858
1 1.073787
0 1.078067
1 1.080789
0 1.084684
1 1.087473
1 1.09169
0 1.092938
1 1.094266
0 1.099077
1 1.101221
0 1.105502
1 1.108135
0 1.11218
1 1.114748
0 1.119995
1 1.121404
0 1.126319
1 1.128432
0 1.132873
1 1.135561
0 1.1394
1 1.142011
0 1.147382
1 1.148723
0 1.153646
1 1.155641
0 1.159801
1 1.162522
0 1.166531
1 1.169245
0 1.174523
1 1.175795
0 1.180551
1 1.182584
0 1.186897
1 1.189577
0 1.193588
1 1.196255
0 1.201508
1 1.202867
0 1.207695
1 1.209717
0 1.214064
1 1.216619
0 1.220462
1 1.223094
0 1.228487
1 1.22995
0 1.23475
1 1.236704
0 1.240817
1 1.243423
0 1.247382
1 1.250116
0 1.255396
1 1.256711
0 1.261516
1 1.263597
0 1.267923
1 1.270419
0 1.274356
1 1.276944
0 1.282122
1 1.283487
0 1.288503
1 1.2905
0 1.294911
1 1.297319
0 1.301131
1 1.30373
0 1.309054
1 1.310425
0 1.315227
1 1.317189
0 1.321385
1 1.324021
0 1.328013
1 1.330675
0 1.335824
1 1.337088
0 1.341801
1 1.343773
0 1.347971
1 1.350661
0 1.354599
1 1.35724
0 1.362303
1 1.363603
0 1.368388
1 1.370434
1 1.374019
0 1.374726
1 1.377195
0 1.380998
1 1.3836
0 1.38896
1 1.39032
0 1.395078
1 1.396913
0 1.40101
1 1.403611
0 1.407486
1 1.410127
0 1.415544
1 1.416794
0 1.421455
1 1.423312
0 1.427469
1 1.429989
0 1.43394
1 1.436474
0 1.441448
1 1.442804
0 1.447557
1 1.449695
0 1.453944
1 1.456317
0 1.460003
1 1.462499
0 1.46761
1 1.468965
0 1.473737
1 1.475718
0 1.479714
1 1.482231
0 1.48594
1 1.4885
0 1.493609
1 1.494948
0 1.499445
1 1.501345
0 1.505395
1 1.507951
0 1.51191
1 1.514482
0 1.519451
1 1.520675
0 1.525174
1 1.527126
0 1.531303
1 1.533851
0 1.537513
1 1.540101
0 1.545075
1 1.546264
0 1.550904
1 1.552808
0 1.556872
1 1.55926
0 1.5629
1 1.565412
0 1.570423
1 1.571745
0 1.576457
1 1.578361
0 1.582295
1 1.584657
0 1.588318
1 1.59088
0 1.596012
1 1.597214
0 1.601661
1 1.603658
0 1.607601
1 1.610087
0 1.61379
1 1.616297
0 1.6211
1 1.622324
0 1.626789
1 1.628681
0 1.632727
1 1.635216
0 1.638853
1 1.641348
0 1.646172
1 1.647312
0 1.651777
1 1.653702
0 1.657703
1 1.66
0 1.663529
1 1.666118
0 1.670976
1 1.672307
0 1.676717
1 1.678468
0 1.682284
1 1.684667
0 1.688268
1 1.690748
1 1.695157
0 1.695718
1 1.696982
0 1.701478
1 1.703201
0 1.707122
1 1.709579
0 1.713117
1 1.715644
0 1.720439
1 1.721691
0 1.726058
1 1.728001
0 1.731971
1 1.734485
0 1.738115
1 1.740459
0 1.745169
1 1.746441
0 1.750892
1 1.752797
0 1.756803
1 1.759172
0 1.762775
1 1.765132
0 1.769943
1 1.771301
0 1.775649
1 1.777502
0 1.781292
1 1.783612
0 1.787113
1 1.789525
0 1.794404
1 1.795743
0 1.80003
1 1.801873
0 1.80549
1 1.807777
0 1.811299
1 1.813732
0 1.818494
1 1.819692
0 1.823881
1 1.825776
0 1.829515
1 1.831832
0 1.835367
1 1.837704
0 1.842249
1 1.843433
0 1.8477
1 1.849444
0 1.853238
1 1.855733
0 1.859159
1 1.861424
0 1.866023
1 1.867124
0 1.871383
1 1.873206
0 1.877051
1 1.879358
0 1.882738
1 1.885103
0 1.889833
1 1.890978
0 1.895383
1 1.897266
0 1.900885
1 1.903123
0 1.906591
1 1.908978
0 1.913665
1 1.914904
0 1.919384
1 1.921141
0 1.924844
1 1.927216
0 1.930601
1 1.932977
0 1.937827
1 1.939051
0 1.943255
1 1.945037
0 1.948863
1 1.951321
0 1.954856
1 1.957308
0 1.961948
1 1.963115
0 1.967381
1 1.969215
0 1.973103
1 1.975452
0 1.979118
1 1.981576
0 1.986213
1 1.987417
0 1.991669
1 1.993472
0 1.997378
1 1.999768
0 2.003217
1 2.005589
0 2.010357
1 2.011576
0 2.016067
1 2.018009
0 2.02178
1 2.024062
0 2.027504
1 2.029904
0 2.034734
1 2.035998
0 2.040422
1 2.042267
0 2.046057
1 2.048468
0 2.051983
1 2.054416
0 2.05928
1 2.0605
0 2.064761
1 2.066568
0 2.070416
1 2.07283
0 2.076625
1 2.079008
0 2.083694
1 2.085025
0 2.089236
1 2.091048
0 2.095002
1 2.097436
0 2.101036
1 2.103371
0 2.108211
1 2.109442
0 2.113835
1 2.115795
0 2.119656
1 2.121954
0 2.125442
1 2.127846
0 2.132656
1 2.133904
0 2.138409
1 2.140396
0 2.144139
1 2.146424
0 2.149906
1 2.15225
0 2.1571
1 2.158368
0 2.162698
1 2.164456
0 2.168287
1 2.170719
0 2.174273
1 2.176636
0 2.181447
1 2.182558
0 2.18674
1 2.188557
0 2.19235
1 2.194701
0 2.198278
1 2.200745
0 2.205378
1 2.206551
0 2.210752
1 2.212553
0 2.216303
1 2.218657
0 2.222219
1 2.224515
0 2.229095
1 2.230306
0 2.234621
1 2.236481
0 2.240294
1 2.242596
0 2.245928
1 2.248257
0 2.252935
1 2.254153
0 2.258479
1 2.260331
0 2.264109
1 2.266504
0 2.269917
1 2.272227
0 2.276919
1 2.278119
0 2.282479
1 2.284258
0 2.287985
1 2.290262
0 2.293853
1 2.296258
0 2.301131
1 2.30229
0 2.30648
1 2.308192
0 2.311974
1 2.314319
0 2.317882
1 2.320332
0 2.325021
1 2.32622
0 2.330545
1 2.332466
0 2.336235
1 2.338604
0 2.342146
1 2.344501
0 2.349183
1 2.350386
0 2.354779
1 2.35661
0 2.360567
1 2.363053
0 2.366517
1 2.368834
0 2.373537
1 2.374742
0 2.379147
1 2.381028
0 2.384863
1 2.387186
0 2.390741
1 2.393209
0 2.398125
1 2.399407
0 2.403751
1 2.40552
0 2.40934
1 2.411646
0 2.41523
1 2.41771
0 2.42269
1 2.424052
0 2.428207
1 2.429996
0 2.433959
1 2.436188
0 2.439814
1 2.442273
0 2.446942
1 2.448153
0 2.452467
1 2.454348
0 2.458386
1 2.460708
0 2.464317
1 2.466734
0 2.471324
1 2.472539
0 2.476909
1 2.478788
0 2.482735
1 2.485113
0 2.488597
1 2.49107
0 2.495863
1 2.496981
0 2.501367
1 2.503245
1 2.504462
0 2.506997
1 2.509366
0 2.512879
1 2.515284
0 2.520251
1 2.521544
0 2.525885
1 2.527611
0 2.53139
1 2.533668
0 2.537231
1 2.539699
0 2.544528
1 2.545747
0 2.550103
1 2.551848
0 2.55575
1 2.558039
0 2.561608
1 2.564025
0 2.568634
1 2.569805
0 2.574098
1 2.575901
0 2.579749
1 2.58216
0 2.585677
1 2.587974
0 2.592695
1 2.593725
0 2.598023
1 2.599859
0 2.60373
1 2.606004
0 2.609399
1 2.611866
0 2.616552
1 2.617813
0 2.622033
1 2.62382
0 2.627519
1 2.629795
0 2.633257
1 2.635696
0 2.640457
1 2.641687
0 2.646153
1 2.647811
0 2.651611
1 2.653975
0 2.657382
1 2.659766
0 2.664609
1 2.665811
0 2.670026
1 2.671827
0 2.675807
1 2.678075
0 2.681645
1 2.684171
1 2.685422
0 2.688667
1 2.689898
0 2.694184
1 2.696042
0 2.699947
1 2.702308
0 2.705944
1 2.708364
0 2.713066
1 2.71425
0 2.718577
1 2.720374
0 2.724315
1 2.726664
0 2.73013
1 2.732519
0 2.73745
1 2.738693
0 2.743179
1 2.74495
0 2.748697
1 2.750963
0 2.754484
1 2.756916
0 2.761778
1 2.763062
0 2.76746
1 2.769237
0 2.773071
1 2.775519
0 2.779044
1 2.781455
0 2.786272
1 2.787471
0 2.791716
1 2.793552
0 2.797399
1 2.79988
0 2.803519
1 2.806122
0 2.810633
1 2.811739
0 2.816053
1 2.817891
0 2.821822
1 2.824237
0 2.827749
1 2.830086
0 2.834876
1 2.83596
0 2.840375
1 2.842293
0 2.846103
1 2.848316
0 2.851725
1 2.854084
0 2.858757
1 2.859999
0 2.864517
1 2.866317
0 2.869961
1 2.872312
0 2.875618
1 2.877986
0 2.882693
1 2.884005
0 2.888292
1 2.89001
0 2.893744
1 2.896169
0 2.899587
1 2.902109
0 2.906776
1 2.907894
0 2.91205
1 2.913835
0 2.917596
1 2.919931
0 2.923479
1 2.926079
0 2.930679
1 2.931885
0 2.936041
1 2.937788
0 2.941619
1 2.943994
0 2.947618
1 2.949939
0 2.954583
1 2.955782
0 2.960248
1 2.962026
0 2.965953
1 2.968377
0 2.9717
1 2.974031
0 2.978757
1 2.980023
0 2.984435
1 2.986333
0 2.990181
1 2.992581
0 2.996011
1 2.998395
0 3.003164
1 3.004429
0 3.00884
1 3.010656
0 3.014461
1 3.016769
0 3.020381
1 3.022947
0 3.027872
1 3.029001
0 3.033277
1 3.035052
0 3.038925
1 3.041317
0 3.04497
1 3.047485
0 3.052393
1 3.053463
0 3.05792
1 3.059746
0 3.063686
1 3.066089
0 3.069688
1 3.07206
0 3.076888
1 3.078085
0 3.08252
1 3.08451
0 3.088522
1 3.090842
0 3.094313
1 3.096567
0 3.101363
1 3.102624
0 3.107123
1 3.108991
0 3.11273
1 3.115178
0 3.118652
1 3.121083
0 3.125821
1 3.127051
0 3.131313
1 3.133125
0 3.136931
1 3.139247
0 3.142745
1 3.145226
0 3.150085
1 3.151199
0 3.155394
1 3.157255
0 3.160912
1 3.163214
0 3.16677
1 3.169204
0 3.173771
1 3.174944
0 3.179322
1 3.181058
0 3.184872
1 3.187299
0 3.190642
1 3.192939
0 3.19753
1 3.198756
0 3.203066
1 3.20486
0 3.208747
1 3.211046
0 3.214446
1 3.216861
0 3.221462
1 3.222589
0 3.226939
1 3.228792
1 3.229992
0 3.232483
1 3.234761
0 3.238204
1 3.240709
0 3.245482
1 3.246748
0 3.250939
1 3.252635
0 3.256364
1 3.258673
0 3.262191
1 3.264654
0 3.269495
1 3.270691
0 3.275021
1 3.2767
0 3.280531
1 3.282914
0 3.286421
